[92m[1mstarting connection <websockets.server.WebSocketServerProtocol object at 0x7efeb79b4550>[0m
[94m[1m{'command': 'open', 'filename': '/home/vojtatom/Documents/numflow/data.npy'}[0m
[92m[1mapp got {'command': 'open', 'filename': '/home/vojtatom/Documents/numflow/data.npy'}[0m
loaded
[[[[  1900000.   1900000. -19400000.]
   [  1900000.   1900000. -18100000.]
   [  1900000.   1900000. -16800000.]
   ...
   [  1900000.   1900000.  -2700000.]
   [  1900000.   1900000.  -1400000.]
   [  1900000.   1900000.   -100000.]]

  [[  1900000.   5700000. -19400000.]
   [  1900000.   5700000. -18100000.]
   [  1900000.   5700000. -16800000.]
   ...
   [  1900000.   5700000.  -2700000.]
   [  1900000.   5700000.  -1400000.]
   [  1900000.   5700000.   -100000.]]

  [[  1900000.   9400000. -19400000.]
   [  1900000.   9400000. -18100000.]
   [  1900000.   9400000. -16800000.]
   ...
   [  1900000.   9400000.  -2700000.]
   [  1900000.   9400000.  -1400000.]
   [  1900000.   9400000.   -100000.]]

  ...

  [[  1900000.  50700000. -19400000.]
   [  1900000.  50700000. -18100000.]
   [  1900000.  50700000. -16800000.]
   ...
   [  1900000.  50700000.  -2700000.]
   [  1900000.  50700000.  -1400000.]
   [  1900000.  50700000.   -100000.]]

  [[  1900000.  54400000. -19400000.]
   [  1900000.  54400000. -18100000.]
   [  1900000.  54400000. -16800000.]
   ...
   [  1900000.  54400000.  -2700000.]
   [  1900000.  54400000.  -1400000.]
   [  1900000.  54400000.   -100000.]]

  [[  1900000.  58200000. -19400000.]
   [  1900000.  58200000. -18100000.]
   [  1900000.  58200000. -16800000.]
   ...
   [  1900000.  58200000.  -2700000.]
   [  1900000.  58200000.  -1400000.]
   [  1900000.  58200000.   -100000.]]]


 [[[  5700000.   1900000. -19400000.]
   [  5700000.   1900000. -18100000.]
   [  5700000.   1900000. -16800000.]
   ...
   [  5700000.   1900000.  -2700000.]
   [  5700000.   1900000.  -1400000.]
   [  5700000.   1900000.   -100000.]]

  [[  5700000.   5700000. -19400000.]
   [  5700000.   5700000. -18100000.]
   [  5700000.   5700000. -16800000.]
   ...
   [  5700000.   5700000.  -2700000.]
   [  5700000.   5700000.  -1400000.]
   [  5700000.   5700000.   -100000.]]

  [[  5700000.   9400000. -19400000.]
   [  5700000.   9400000. -18100000.]
   [  5700000.   9400000. -16800000.]
   ...
   [  5700000.   9400000.  -2700000.]
   [  5700000.   9400000.  -1400000.]
   [  5700000.   9400000.   -100000.]]

  ...

  [[  5700000.  50700000. -19400000.]
   [  5700000.  50700000. -18100000.]
   [  5700000.  50700000. -16800000.]
   ...
   [  5700000.  50700000.  -2700000.]
   [  5700000.  50700000.  -1400000.]
   [  5700000.  50700000.   -100000.]]

  [[  5700000.  54400000. -19400000.]
   [  5700000.  54400000. -18100000.]
   [  5700000.  54400000. -16800000.]
   ...
   [  5700000.  54400000.  -2700000.]
   [  5700000.  54400000.  -1400000.]
   [  5700000.  54400000.   -100000.]]

  [[  5700000.  58200000. -19400000.]
   [  5700000.  58200000. -18100000.]
   [  5700000.  58200000. -16800000.]
   ...
   [  5700000.  58200000.  -2700000.]
   [  5700000.  58200000.  -1400000.]
   [  5700000.  58200000.   -100000.]]]


 [[[  9400000.   1900000. -19400000.]
   [  9400000.   1900000. -18100000.]
   [  9400000.   1900000. -16800000.]
   ...
   [  9400000.   1900000.  -2700000.]
   [  9400000.   1900000.  -1400000.]
   [  9400000.   1900000.   -100000.]]

  [[  9400000.   5700000. -19400000.]
   [  9400000.   5700000. -18100000.]
   [  9400000.   5700000. -16800000.]
   ...
   [  9400000.   5700000.  -2700000.]
   [  9400000.   5700000.  -1400000.]
   [  9400000.   5700000.   -100000.]]

  [[  9400000.   9400000. -19400000.]
   [  9400000.   9400000. -18100000.]
   [  9400000.   9400000. -16800000.]
   ...
   [  9400000.   9400000.  -2700000.]
   [  9400000.   9400000.  -1400000.]
   [  9400000.   9400000.   -100000.]]

  ...

  [[  9400000.  50700000. -19400000.]
   [  9400000.  50700000. -18100000.]
   [  9400000.  50700000. -16800000.]
   ...
   [  9400000.  50700000.  -2700000.]
   [  9400000.  50700000.  -1400000.]
   [  9400000.  50700000.   -100000.]]

  [[  9400000.  54400000. -19400000.]
   [  9400000.  54400000. -18100000.]
   [  9400000.  54400000. -16800000.]
   ...
   [  9400000.  54400000.  -2700000.]
   [  9400000.  54400000.  -1400000.]
   [  9400000.  54400000.   -100000.]]

  [[  9400000.  58200000. -19400000.]
   [  9400000.  58200000. -18100000.]
   [  9400000.  58200000. -16800000.]
   ...
   [  9400000.  58200000.  -2700000.]
   [  9400000.  58200000.  -1400000.]
   [  9400000.  58200000.   -100000.]]]


 ...


 [[[ 50700000.   1900000. -19400000.]
   [ 50700000.   1900000. -18100000.]
   [ 50700000.   1900000. -16800000.]
   ...
   [ 50700000.   1900000.  -2700000.]
   [ 50700000.   1900000.  -1400000.]
   [ 50700000.   1900000.   -100000.]]

  [[ 50700000.   5700000. -19400000.]
   [ 50700000.   5700000. -18100000.]
   [ 50700000.   5700000. -16800000.]
   ...
   [ 50700000.   5700000.  -2700000.]
   [ 50700000.   5700000.  -1400000.]
   [ 50700000.   5700000.   -100000.]]

  [[ 50700000.   9400000. -19400000.]
   [ 50700000.   9400000. -18100000.]
   [ 50700000.   9400000. -16800000.]
   ...
   [ 50700000.   9400000.  -2700000.]
   [ 50700000.   9400000.  -1400000.]
   [ 50700000.   9400000.   -100000.]]

  ...

  [[ 50700000.  50700000. -19400000.]
   [ 50700000.  50700000. -18100000.]
   [ 50700000.  50700000. -16800000.]
   ...
   [ 50700000.  50700000.  -2700000.]
   [ 50700000.  50700000.  -1400000.]
   [ 50700000.  50700000.   -100000.]]

  [[ 50700000.  54400000. -19400000.]
   [ 50700000.  54400000. -18100000.]
   [ 50700000.  54400000. -16800000.]
   ...
   [ 50700000.  54400000.  -2700000.]
   [ 50700000.  54400000.  -1400000.]
   [ 50700000.  54400000.   -100000.]]

  [[ 50700000.  58200000. -19400000.]
   [ 50700000.  58200000. -18100000.]
   [ 50700000.  58200000. -16800000.]
   ...
   [ 50700000.  58200000.  -2700000.]
   [ 50700000.  58200000.  -1400000.]
   [ 50700000.  58200000.   -100000.]]]


 [[[ 54400000.   1900000. -19400000.]
   [ 54400000.   1900000. -18100000.]
   [ 54400000.   1900000. -16800000.]
   ...
   [ 54400000.   1900000.  -2700000.]
   [ 54400000.   1900000.  -1400000.]
   [ 54400000.   1900000.   -100000.]]

  [[ 54400000.   5700000. -19400000.]
   [ 54400000.   5700000. -18100000.]
   [ 54400000.   5700000. -16800000.]
   ...
   [ 54400000.   5700000.  -2700000.]
   [ 54400000.   5700000.  -1400000.]
   [ 54400000.   5700000.   -100000.]]

  [[ 54400000.   9400000. -19400000.]
   [ 54400000.   9400000. -18100000.]
   [ 54400000.   9400000. -16800000.]
   ...
   [ 54400000.   9400000.  -2700000.]
   [ 54400000.   9400000.  -1400000.]
   [ 54400000.   9400000.   -100000.]]

  ...

  [[ 54400000.  50700000. -19400000.]
   [ 54400000.  50700000. -18100000.]
   [ 54400000.  50700000. -16800000.]
   ...
   [ 54400000.  50700000.  -2700000.]
   [ 54400000.  50700000.  -1400000.]
   [ 54400000.  50700000.   -100000.]]

  [[ 54400000.  54400000. -19400000.]
   [ 54400000.  54400000. -18100000.]
   [ 54400000.  54400000. -16800000.]
   ...
   [ 54400000.  54400000.  -2700000.]
   [ 54400000.  54400000.  -1400000.]
   [ 54400000.  54400000.   -100000.]]

  [[ 54400000.  58200000. -19400000.]
   [ 54400000.  58200000. -18100000.]
   [ 54400000.  58200000. -16800000.]
   ...
   [ 54400000.  58200000.  -2700000.]
   [ 54400000.  58200000.  -1400000.]
   [ 54400000.  58200000.   -100000.]]]


 [[[ 58200000.   1900000. -19400000.]
   [ 58200000.   1900000. -18100000.]
   [ 58200000.   1900000. -16800000.]
   ...
   [ 58200000.   1900000.  -2700000.]
   [ 58200000.   1900000.  -1400000.]
   [ 58200000.   1900000.   -100000.]]

  [[ 58200000.   5700000. -19400000.]
   [ 58200000.   5700000. -18100000.]
   [ 58200000.   5700000. -16800000.]
   ...
   [ 58200000.   5700000.  -2700000.]
   [ 58200000.   5700000.  -1400000.]
   [ 58200000.   5700000.   -100000.]]

  [[ 58200000.   9400000. -19400000.]
   [ 58200000.   9400000. -18100000.]
   [ 58200000.   9400000. -16800000.]
   ...
   [ 58200000.   9400000.  -2700000.]
   [ 58200000.   9400000.  -1400000.]
   [ 58200000.   9400000.   -100000.]]

  ...

  [[ 58200000.  50700000. -19400000.]
   [ 58200000.  50700000. -18100000.]
   [ 58200000.  50700000. -16800000.]
   ...
   [ 58200000.  50700000.  -2700000.]
   [ 58200000.  50700000.  -1400000.]
   [ 58200000.  50700000.   -100000.]]

  [[ 58200000.  54400000. -19400000.]
   [ 58200000.  54400000. -18100000.]
   [ 58200000.  54400000. -16800000.]
   ...
   [ 58200000.  54400000.  -2700000.]
   [ 58200000.  54400000.  -1400000.]
   [ 58200000.  54400000.   -100000.]]

  [[ 58200000.  58200000. -19400000.]
   [ 58200000.  58200000. -18100000.]
   [ 58200000.  58200000. -16800000.]
   ...
   [ 58200000.  58200000.  -2700000.]
   [ 58200000.  58200000.  -1400000.]
   [ 58200000.  58200000.   -100000.]]]]
[[[1.10801978e+08 1.01482140e+08 8.85747429e+07 ... 1.84183912e+06
   4.89926282e+05 6.42487720e+04]
  [4.16863900e+02 1.04676373e+03 1.23910385e+03 ... 4.24829694e+03
   7.63366726e+03 7.01534031e+03]
  [2.55910969e+02 3.36881417e+02 5.19538739e+02 ... 3.39646873e+03
   5.79416764e+03 6.47857954e+03]
  ...
  [3.28528593e+02 6.49143735e+02 1.11498265e+03 ... 4.81696553e+03
   7.78030349e+03 7.75701233e+03]
  [4.61623321e+02 1.01780698e+03 1.14455099e+03 ... 4.45692383e+03
   5.97468570e+03 6.78233850e+03]
  [2.92835219e+02 6.41795458e+02 7.61625857e+02 ... 4.18438276e+03
   6.54645017e+03 6.76562780e+03]]

 [[3.68288012e+02 3.78865515e+02 6.64347208e+02 ... 4.77504508e+03
   7.18103219e+03 7.76214290e+03]
  [4.27798155e+02 1.00130692e+03 1.19421521e+03 ... 4.29117587e+03
   7.05181604e+03 6.49314181e+03]
  [3.37011806e+02 7.87975167e+02 1.03524441e+03 ... 4.39975873e+03
   6.30018368e+03 7.58955542e+03]
  ...
  [2.97156997e+02 5.43481670e+02 7.27207642e+02 ... 3.53703889e+03
   6.66851985e+03 6.65541997e+03]
  [2.82975666e+02 3.83946145e+02 5.59626741e+02 ... 2.77425843e+03
   5.86099042e+03 6.87915866e+03]
  [3.15947614e+02 6.54331324e+02 9.15848224e+02 ... 4.77504508e+03
   7.18103219e+03 7.08359422e+03]]

 [[2.80504233e+02 4.82864477e+02 7.85966078e+02 ... 3.91707881e+03
   6.10615864e+03 6.63863458e+03]
  [6.06129542e+02 1.39924851e+03 1.55168194e+03 ... 3.20767720e+03
   7.41540444e+03 7.54019190e+03]
  [4.30545854e+02 8.74180519e+02 9.93318050e+02 ... 2.63276347e+03
   6.54053716e+03 6.74705977e+03]
  ...
  [2.21400702e+02 4.71399527e+02 5.98436108e+02 ... 4.00603133e+03
   5.86845894e+03 7.16244327e+03]
  [2.23468362e+02 4.57626135e+02 5.81711746e+02 ... 3.71466465e+03
   7.44739124e+03 7.10141253e+03]
  [2.91330713e+02 6.79774594e+02 9.11735736e+02 ... 4.07722187e+03
   6.22446973e+03 6.87353555e+03]]

 ...

 [[2.73529109e+02 5.02679970e+02 6.66516123e+02 ... 4.83441555e+03
   6.56868623e+03 7.32833626e+03]
  [4.91311422e+02 1.11634060e+03 1.33769703e+03 ... 3.90554073e+03
   6.94293381e+03 6.16746758e+03]
  [4.76214850e+02 1.08754496e+03 1.13734212e+03 ... 4.09465280e+03
   6.58640943e+03 8.66172637e+03]
  ...
  [2.65542376e+02 5.65814452e+02 8.53718403e+02 ... 4.53940265e+03
   6.12991047e+03 7.28145924e+03]
  [3.05005617e+02 5.73430786e+02 7.80547739e+02 ... 4.24239477e+03
   7.97678161e+03 7.71371440e+03]
  [2.93815878e+02 4.12417776e+02 5.29439968e+02 ... 4.73164551e+03
   7.09578897e+03 7.32833626e+03]]

 [[2.97307697e+02 3.55481148e+02 5.41016785e+02 ... 5.17058173e+03
   6.29729344e+03 6.60791684e+03]
  [3.76989675e+02 7.42707273e+02 8.63245363e+02 ... 3.83486886e+03
   6.95034809e+03 6.90508000e+03]
  [3.96972861e+02 8.87928994e+02 9.55393508e+02 ... 3.71645755e+03
   7.53899346e+03 7.64492828e+03]
  ...
  [5.43316883e+02 5.22893364e+02 6.60262284e+02 ... 4.17642265e+03
   7.40219695e+03 7.44550067e+03]
  [4.23827894e+02 5.68561528e+02 8.59929099e+02 ... 4.51673372e+03
   8.15290246e+03 7.95969782e+03]
  [3.44180864e+02 3.98522832e+02 6.00663203e+02 ... 4.16993464e+03
   7.23636106e+03 7.61101206e+03]]

 [[3.38822325e+02 8.28974641e+02 1.01071625e+03 ... 4.88065136e+03
   6.63190055e+03 7.33508270e+03]
  [2.59789544e+02 4.68832628e+02 6.96004274e+02 ... 4.14976388e+03
   6.88335792e+03 7.10171542e+03]
  [2.75204304e+02 4.09414205e+02 6.03699404e+02 ... 4.36913088e+03
   5.80363298e+03 7.04761122e+03]
  ...
  [5.16881228e+02 6.49143735e+02 1.11498265e+03 ... 4.59051819e+03
   7.44764289e+03 7.18754483e+03]
  [4.01949424e+02 4.14614297e+02 6.42598984e+02 ... 3.41433355e+03
   5.46586064e+03 6.61818389e+03]
  [3.20733457e+02 5.86030750e+02 6.83457394e+02 ... 3.44120058e+03
   7.65902479e+03 7.79410780e+03]]]
[92m[1mrespons {"status": "okay", "message": "dataset loaded"}[0m
